image: /home/chen2156/map.pgm
resolution: 0.050000
origin: [-5.072391, -1.195837, 0.000000]
negate: 0
occupied_thresh: 0.65
free_thresh: 0.196

