image: /home/chen2156/mapofturtlebothouse.pgm
resolution: 0.050000
origin: [-7.430977, -5.111035, 0.000000]
negate: 0
occupied_thresh: 0.65
free_thresh: 0.196

